[sep] 7785115
[align] 730050
0 1
1 1
2 1
3 1
4 1
5 1
6 1
7 1
8 1
9 1
10 1
11 1
12 4
13 1
14 2
15 1
16 1
17 1
18 1
19 18
20 1
21 1
22 1
23 5
24 29
25 1
26 15
27 8
28 18
29 13
30 1
31 32
32 1
33 18
34 6
35 16
36 4780
37 237
38 2914
39 326
40 4153
41 3683
42 962
43 9699
44 1142
45 11696
46 1334
47 8339
48 36074
49 2487
50 55078
51 4583
52 118858
53 103166
54 23116
55 479152
56 46563
57 740230
58 56811
59 595179
60 1816783
61 95103
62 2074014
63 121590
64 2314234
65 1390381
66 216547
67 2029841
68 199116
69 1694027
70 131246
71 941439
72 951353
73 60134
74 510536
75 29545
76 275265
77 88960
78 18610
79 59044
80 8153
81 22817
82 2198
83 7632
84 7638
85 37
86 316
87 14
88 141
89 212
90 10
91 23
92 5
93 18
94 6
95 195
96 5
97 6
98 13
99 1
100 12
101 222
102 6
103 3
104 1
105 17
106 1
107 34
108 72
109 1
110 2
111 1
112 3
113 3
114 1
115 1
116 1
117 1
118 1
119 1
120 1
121 1
122 1
123 1
124 1
125 1
126 1
127 1
128 5258043
129 7785114
130 6809346
131 1996268
132 2789707
133 499907
134 703153
135 269818
136 591598
137 148765
138 202814
139 101482
140 190749
141 66866
142 83474
143 51300
144 346012
